# Bounding Box
# [x1, y1, x2, y2]
# x = longitude
# y = latitude
# [lng1, lat1, lng2, lat2]

# Globals
# =======
world: [-180, -90, 180, 90]
south-america: [-100, -90, -25, 20]
asia: [105, 55, 105, 55]
africa: [-25, -40, 60, 40]
europe: [-20, 25, 45, 70]

# Countries
# =========
australia: [72.2460938, -55.3228174, 168.2249543, -9.0882277]
south-korea: [124.354847, 32.87788, 132.1483256, 38.623477]
north-korea: [124.0913902, 37.6279512, 130.924647, 43.0089642]
libya: [9.391081, 19.5008138, 25.3541226, 33.3512055]
germany: [5.8663153, 47.2701114, 15.0419319, 55.099161]

# Cities
# ======
lima: [-77.205069, -12.232529, -76.863120, -11.869236]
sydney: [150.5209286, -34.1183469, 151.3430193, -33.5782356]
seoul: [126.7639878, 37.4285424, 127.1850323, 37.7013911]
pyongyang: [125.5761989, 38.8799386, 126.402585, 39.2793524]
ottawa: [-76.3426911, 44.9613394, -75.2462098, 45.537979]
grafenwohr: [11.6399919, 49.6229354, 11.9984975, 49.7500317]
nuremberg: [10.9887327, 49.3314338, 11.2135139, 49.5407532]