# Globals
# =======
world: [-180, -90, 180, 90]
south-america: [-100, -90, -25, 20]
asia: [ 105, 55, 105, 55 ]
africa: [-25, -40, 60, 40]

# Countries
# =========
australia: [ 72.2460938, -55.3228174, 168.2249543, -9.0882277 ]
south-korea: [ 124.354847, 32.87788, 132.1483256, 38.623477 ]
north-korea: [ 124.0913902, 37.6279512, 130.924647, 43.0089642 ]

# Cities
# ======
sydney: [ 151.1969893, -33.8798035, 151.223011, -33.8561095 ]
seoul: [ 126.7639878, 37.4285424, 127.1850323, 37.7013911 ]
pyongyang: [ 125.5761989, 38.8799386, 126.402585, 39.2793524 ]